51094499
96825457
24687443
90832093
83556721
87115327
26195809
84208079
22091837
79848767
48580031
43183943
41216779
42282187
66939373
16016677
97070191
72300013
32662303
16789697
23407043
72393757
48068777
39459187
39009239
7646993
18637807
35201707
62690261
40324673
8259143
95579609
30772451
80974837
45253091
35582143
75298589
79821173
29189047
91549433
90072509
24210289
77658629
85585229
41364623
96206431
96355199
37326883
93264337
33234631
1253257
96979753
75819809
61128073
84831547
69284441
35415209
52506521
11617639
74659117
62501111
88015397
80523127
21802841
53688869
27343837
40730107
78468973
54500969
25905427
24766051
8799823
66332467
33104609
83343371
74922199
1059839
723763
2721653
48707831
20647619
17802007
93900763
71757029
27639691
48194569
57456773
24822221
78843671
4950251
52108817
66755663
30097913
49175501
48671167
61404307
96873479
12859261
74609177
855383
85181597
86162227
61327571
78668573
39579217
66894977
35017177
40700741
36181937
30079241
5079247
27889507
67689833
88367051
28642111
4098481
85565887
42370597
13895627
17253323
72784099
4960769
27235541
8936951
40369919
58061783
11993333
1910519
98242951
50303021
6283717
84097603
42169027
23761211
54817789
75371197
17107841
29458937
44288303
54682871
36188759
31768537
31517849
66392519
33601189
15582743
36654839
85477097
50260087
94051133
45171071
39389797
39572423
79827323
33049433
8784197
26129849
15000227
45447797
94099049
71314961
84820969
34083293
35805731
28878299
51719981
41065427
10130599
92459069
30907591
84486433
43282597
38816273
57962909
95240797
78238039
14904257
86641027
7108439
59207693
53772367
6173507
60449141
26492329
56091767
7160011
26624891
65255797
21401887
57628177
67023059
20576719
29871631
18141167
22738019
42567353
23097181
76571993
6599317
13753123
35236451
69401309
37353341
18335459
15746579
37870079
35095547
74869829
8529469
23974103
61633739
97380943
54112663
8461709
42578771
12618401
23127221
67149667
52318057
1087537
4810291
48957371
77565289
87261607
58006829
44398439
46732829
42560069
6108503
82712317
18712237
52610437
80628887
65170067
29308807
59813531
73844441
98650451
62337139
79596983
92989271
82699529
64507571
67237979
85790333
95283421
76102979
11724869
4538663
99762457
40512923
85745039
94948859
48022481
22457467
4576987
36107843
35672227
10634119
44670503
31779917
14752679
22722373
11221373
97431877
12809281
3464113
79857893
6924623
75946511
83656519
85606271
19200199
53392873
86927117
28314563
79800421
8455351
9337703
20055947
31221959
3710827
74505847
95171449
19797329
78484367
10277339
72525611
51256481
68451343
37791869
73716217
96773471
88330037
46776701
4454207
72724849
16784647
4537831
43840103
12240701
40125551
77352001
41079061
8410301
59297669
25840007
88918541
41272589
46548059
26404709
36510787
46299707
13500749
15996877
29269097
52355377
57576683
31001843
69209849
12740129
25071413
96509081
90671813
48370363
89008963
89528351
33692717
6220321
33227819
69139289
64271729
41948923
19985303
59632813
68855047
90676541
39650327
56339993
82025779
81822437
69899059
80711101
77323691
90438119
66504713
83528257
60366043
39246181
59846317
60659651
4836361
6829267
42907591
42503189
85271189
72656621
82000859
29237071
78270397
94195511
85328231
26433923
22023661
95037553
16329017
90370769
16226279
69206477
15313421
91430497
42460121
33587731
16089019
25535701
28379903
79770359
85143461
55617827
94042111
82376263
58646659
94248359
68116399
26019313
34013597
66171347
73410713
57138197
54929839
40746857
59529731
42399793
91180217
19759259
60017197
29241869
83890799
19638083
3940379
79656931
76222519
25915633
41395573
35869607
21679447
99339637
52881503
48721831
38902547
85485311
79467769
97391017
52662923
18485753
54071383
97594193
5390993
93519179
69816191
33318721
97006691
99111497
23540639
24534539
225661
12430423
63492047
70990621
11362121
74468567
13230953
42752033
49142431
80150339
23214761
50673037
43396657
19717717
21148079
16562621
35029217
67933529
30335671
35582539
8071649
10746119
40860539
20951431
43485971
7820807
92592413
41074939
15874979
14168141
88576739
91482563
29226007
38226683
67122647
25811623
31965317
11447759
96243443
55673519
9310951
14412101
68128069
1059397
58211351
49613021
36329387
4208969
13490347
84847997
99458431
28260451
10912081
63825917
2623057
77852561
66887521
81396341
20997157
6327911
46788767
54553133
65731709
10831763
46299241
14442613
32364149
36825503
85398839
34667503
45362917
6231091
40685587
10745411
25216799
21269677
585997
48790579
2090887
50166149
82714609
47711411
84273617
3760061
28626013
49399027
50375617
1121213
30406001
18432523
73028729
61353221
45684871
88927571
64883269
13238033
31464227
46074023
2200909
49201097
93394261
23283637
12012547
66163051
83735699
51168893
984959
1607819
90784907
63270727
39073099
13981001
20773583
87274651
42929569
10794367
33296609
29077787
7999997
99042589
22015589
36470569
90117379
12104791
42055661
13232971
5302687
27697139
18618931
82948217
83025841
20307761
79875413
6262783
79139477
76659661
29382743
40471199
32874929
63212363
10451969
31701179
26074421
98854303
92639579
18781541
57458651
50458133
85312067
62362121
22828247
1858817
28424219
88518397
8238187
10328923
53482127
65738447
45897527
18650047
32758211
97501349
15000437
62997967
69916447
33448523
14184029
74822071
33358561
87207521
22059083
2763787
74822849
1839091
59759471
74793511
77384639
23206991
14014009
51847909
44013391
66273997
52889129
54483239
82830917
72952693
88434443
1804247
19156601
53001149
10863287
99652837
39253579
136111
80269499
38520127
80838929
15190471
62897393
45240511
66408637
95775809
78971279
49062317
25197209
51259237
56674999
55589117
96260539
82951157
22488251
93411779
69630821
19426739
19242557
36373837
94935599
7796317
13539461
95353343
93401489
69119287
17103353
53102579
89217937
15773677
18799523
33474199
88928573
52814101
43815869
38782747
57167729
16968971
38777881
97311401
11817661
87249331
63994499
93451369
1063277
48225827
13948381
30368321
35267999
89525153
37313509
24253381
54186017
27205237
39483341
14126153
41595809
94721141
11792867
30913063
68642747
99867317
76689533
46258481
69023819
76058111
73711343
99857167
98316959
27446467
76644053
73774207
48266933
75364549
60305981
86647787
65344813
10526987
78095291
53341999
45806959
46318733
45788969
30831767
85541213
61632719
90395957
56760491
99636977
12102619
30260261
91652059
70475947
87324563
31544033
94228979
95870069
35012821
12151771
38177161
21839369
9386227
62506763
60094577
24536069
30763769
47413931
43382833
41223799
33522719
51669179
29617387
97501903
25739857
58062757
64135129
90363781
72546931
15682823
32953601
6681677
80823907
90970499
60675157
98944291
44497
22323269
88360709
57749911
82903897
72216203
22028789
98185993
5797247
52824497
2775989
62449057
41899927
27619643
24391691
75410977
61634273
79644281
91914701
91597769
36814807
61503191
92010991
85997819
34674739
89669033
230137
75458927
57510721
93263837
64162571
16244647
41277619
56417317
74568427
65929099
29179447
37118531
26944313
51000139
34086803
2674787
4104529
87479807
39782651
63602167
97535393
2508857
81443219
41457413
21712267
8201339
60370433
63001061
76811239
35183501
18486017
41835497
62359631
31654823
46867187
11799797
65512967
60762311
27862391
50400899
65599957
27061739
67027469
81922079
79975981
22999381
47322293
28944959
22646213
16080703
12684367
29357009
67858627
96420769
89163139
41287819
18315403
48160487
25480949
54973913
28531633
43429417
42662531
22788841
79877117
55777319
22982927
71185039
25760681
50088419
11208467
14380787
3038519
64883123
10931287
81086891
26225819
62426327
12811781
28562413
59556853
73099529
23381917
34360079
15368539
20932147
7846229
53136709
99639881
48032269
43293629
89409133
66603191
66794699
51243751
63495371
65977507
67673141
81896693
80166949
95715947
93732817
81303521
26834449
57828313
15305713
51091897
17027669
55254481
84397727
60997217
2370271
83926043
77859647
82028137
97779011
68532299
2773751
74947189
13247351
13484227
88226587
33296393
71207089
21777641
1613429
62889089
34774717
35405507
7785493
79619521
6765229
21917963
10354459
43011377
676183
41837609
93437747
59702513
27828077
54164123
86006497
3565817
54410579
81148327
3634627
21193873
40799387
16769579
59951761
32150527
13821209
19929989
28607617
16231589
18780907
26318221
4306867
18592139
80946353
28153903
49134473
71848753
73545779
27923333
89110513
11111539
86252429
19615279
74898611
37250053
19372357
48139957
61947191
41399381
87804149
14981537
19886141
97826501
23057501
37935299
33397121
75612217
67453009
2578483
61294771
57555283
74464381
12131461
6582971
48806143
86979491
1746743
96499889
98310293
41773661
47321411
39666239
42355193
95570227
3948457
59207621
49698787
5213377
88778743
58072187
75531283
86438981
3097603
1984499
87890833
47571637
48141851
12224017
58838459
93719557
22656539
71632763
85939429
52725073
19313783
56881823
20353817
13806407
70525117
42881897
55279897
9079529
Uso:
	 interi.py numero_interi [cifre]
